+-----------+-----------+-----------+-----------+-----------+-----------+
|    Td     |    ID     |    Tj     |    Df     |    Dd     |    Db      |
+-----------+-----------+-----------+-----------+-----------+-----------+
|     9     |     4     |     2     |     1     |     6     |     7      |
+-----------+-----------+-----------+-----------+-----------+-----------+
|     9     |     1     |     2     |     0     |     7     |     7      |
+-----------+-----------+-----------+-----------+-----------+-----------+
|    10     |     3     |     2     |     1     |     7     |     8      |
+-----------+-----------+-----------+-----------+-----------+-----------+
|    11     |  2000     |     2     |     0     |     9     |     9      |
+-----------+-----------+-----------+-----------+-----------+-----------+
|    11     |  2003     |     3     |     0     |     8     |     8      |
+-----------+-----------+-----------+-----------+-----------+-----------+
|    11     |     6     |     5     |     2     |     4     |     6      |
+-----------+-----------+-----------+-----------+-----------+-----------+
|    12     |     5     |     5     |     1     |     6     |     7      |
+-----------+-----------+-----------+-----------+-----------+-----------+
|    13     |  2001     |     2     |     8     |     3     |    11      |
+-----------+-----------+-----------+-----------+-----------+-----------+
|    13     |     7     |     9     |     1     |     3     |     4      |
+-----------+-----------+-----------+-----------+-----------+-----------+
|    13     |     8     |    10     |     0     |     3     |     3      |
+-----------+-----------+-----------+-----------+-----------+-----------+
|    14     |  2002     |     2     |     0     |    12     |    12      |
+-----------+-----------+-----------+-----------+-----------+-----------+
|    14     |    10     |    11     |     0     |     3     |     3      |
+-----------+-----------+-----------+-----------+-----------+-----------+
|    15     |  2011     |     9     |     1     |     5     |     6      |
+-----------+-----------+-----------+-----------+-----------+-----------+
|    16     |  2006     |     6     |     1     |     9     |    10      |
+-----------+-----------+-----------+-----------+-----------+-----------+
|    16     |  2009     |     9     |     1     |     6     |     7      |
+-----------+-----------+-----------+-----------+-----------+-----------+
|    16     |     9     |    10     |     0     |     6     |     6      |
+-----------+-----------+-----------+-----------+-----------+-----------+
|    18     |  2004     |     5     |     0     |    13     |    13      |
+-----------+-----------+-----------+-----------+-----------+-----------+
|    19     |    13     |    14     |     0     |     5     |     5      |
+-----------+-----------+-----------+-----------+-----------+-----------+
|    20     |  2007     |     6     |     2     |    12     |    14      |
+-----------+-----------+-----------+-----------+-----------+-----------+
|    21     |    16     |    15     |     0     |     6     |     6      |
+-----------+-----------+-----------+-----------+-----------+-----------+
|    22     |  2022     |    15     |     0     |     7     |     7      |
+-----------+-----------+-----------+-----------+-----------+-----------+
|    22     |    15     |    15     |     0     |     7     |     7      |
+-----------+-----------+-----------+-----------+-----------+-----------+
|    23     |  2005     |     6     |     1     |    16     |    17      |
+-----------+-----------+-----------+-----------+-----------+-----------+
|    23     |  2028     |    21     |     0     |     2     |     2      |
+-----------+-----------+-----------+-----------+-----------+-----------+
|    24     |  2008     |     8     |     2     |    14     |    16      |
+-----------+-----------+-----------+-----------+-----------+-----------+
|    24     |  2023     |    16     |     0     |     8     |     8      |
+-----------+-----------+-----------+-----------+-----------+-----------+
|    25     |  2015     |    12     |     2     |    11     |    13      |
+-----------+-----------+-----------+-----------+-----------+-----------+
|    26     |  2016     |    12     |     2     |    12     |    14      |
+-----------+-----------+-----------+-----------+-----------+-----------+
|    29     |  2012     |    10     |     3     |    16     |    19      |
+-----------+-----------+-----------+-----------+-----------+-----------+
|    29     |    26     |    22     |     0     |     7     |     7      |
+-----------+-----------+-----------+-----------+-----------+-----------+
|    30     |  2019     |    14     |     3     |    13     |    16      |
+-----------+-----------+-----------+-----------+-----------+-----------+
|    33     |    29     |    28     |     1     |     4     |     5      |
+-----------+-----------+-----------+-----------+-----------+-----------+
|    34     |  2017     |    13     |     2     |    19     |    21      |
+-----------+-----------+-----------+-----------+-----------+-----------+
|    36     |  2013     |    11     |     2     |    23     |    25      |
+-----------+-----------+-----------+-----------+-----------+-----------+
|    38     |  2010     |     9     |     2     |    27     |    29      |
+-----------+-----------+-----------+-----------+-----------+-----------+
|    39     |  2021     |    15     |     2     |    22     |    24      |
+-----------+-----------+-----------+-----------+-----------+-----------+
|    41     |  2050     |    36     |     0     |     5     |     5      |
+-----------+-----------+-----------+-----------+-----------+-----------+
|    43     |    49     |    43     |     0     |     0     |     0      |
+-----------+-----------+-----------+-----------+-----------+-----------+
|    44     |  2054     |    41     |     0     |     3     |     3      |
+-----------+-----------+-----------+-----------+-----------+-----------+
|    45     |  2014     |    12     |     2     |    31     |    33      |
+-----------+-----------+-----------+-----------+-----------+-----------+
|    48     |  2061     |    46     |     0     |     2     |     2      |
+-----------+-----------+-----------+-----------+-----------+-----------+
|    48     |  2063     |    47     |     0     |     1     |     1      |
+-----------+-----------+-----------+-----------+-----------+-----------+
|    49     |  2062     |    47     |     0     |     2     |     2      |
+-----------+-----------+-----------+-----------+-----------+-----------+
|    49     |  2058     |    44     |     0     |     5     |     5      |
+-----------+-----------+-----------+-----------+-----------+-----------+
|    50     |  2024     |    16     |     3     |    31     |    34      |
+-----------+-----------+-----------+-----------+-----------+-----------+
|    50     |  2064     |    48     |     0     |     2     |     2      |
+-----------+-----------+-----------+-----------+-----------+-----------+
|    50     |    33     |    32     |     1     |    17     |    18      |
+-----------+-----------+-----------+-----------+-----------+-----------+
|    51     |    37     |    36     |     1     |    14     |    15      |
+-----------+-----------+-----------+-----------+-----------+-----------+
|    52     |  2018     |    14     |     3     |    35     |    38      |
+-----------+-----------+-----------+-----------+-----------+-----------+
|    53     |    42     |    39     |     2     |    12     |    14      |
+-----------+-----------+-----------+-----------+-----------+-----------+
|    54     |    40     |    37     |     2     |    15     |    17      |
+-----------+-----------+-----------+-----------+-----------+-----------+
|    55     |  2020     |    15     |     2     |    38     |    40      |
+-----------+-----------+-----------+-----------+-----------+-----------+
|    55     |    54     |    47     |     0     |     8     |     8      |
+-----------+-----------+-----------+-----------+-----------+-----------+
|    55     |    51     |    44     |     2     |     9     |    11      |
+-----------+-----------+-----------+-----------+-----------+-----------+
|    56     |    53     |    46     |     0     |    10     |    10      |
+-----------+-----------+-----------+-----------+-----------+-----------+
|    57     |  2026     |    18     |     4     |    35     |    39      |
+-----------+-----------+-----------+-----------+-----------+-----------+
|    57     |    25     |    21     |     0     |    36     |    36      |
+-----------+-----------+-----------+-----------+-----------+-----------+
|    58     |  2029     |    23     |     4     |    31     |    35      |
+-----------+-----------+-----------+-----------+-----------+-----------+
|    58     |    60     |    53     |     2     |     3     |     5      |
+-----------+-----------+-----------+-----------+-----------+-----------+
|    58     |    65     |    56     |     0     |     2     |     2      |
+-----------+-----------+-----------+-----------+-----------+-----------+
|    58     |    34     |    33     |    22     |     3     |    25      |
+-----------+-----------+-----------+-----------+-----------+-----------+
|    58     |    56     |    48     |     7     |     3     |    10      |
+-----------+-----------+-----------+-----------+-----------+-----------+
|    59     |  2043     |    29     |     6     |    24     |    30      |
+-----------+-----------+-----------+-----------+-----------+-----------+
|    59     |  2031     |    24     |     5     |    30     |    35      |
+-----------+-----------+-----------+-----------+-----------+-----------+
|    59     |  2069     |    54     |     0     |     5     |     5      |
+-----------+-----------+-----------+-----------+-----------+-----------+
|    60     |  2025     |    17     |     3     |    40     |    43      |
+-----------+-----------+-----------+-----------+-----------+-----------+
|    61     |  2033     |    25     |     5     |    31     |    36      |
+-----------+-----------+-----------+-----------+-----------+-----------+
|    61     |    69     |    59     |     0     |     2     |     2      |
+-----------+-----------+-----------+-----------+-----------+-----------+
|    64     |  2071     |    55     |     0     |     9     |     9      |
+-----------+-----------+-----------+-----------+-----------+-----------+
|    65     |  2038     |    27     |     5     |    33     |    38      |
+-----------+-----------+-----------+-----------+-----------+-----------+
|    65     |  2041     |    27     |     6     |    32     |    38      |
+-----------+-----------+-----------+-----------+-----------+-----------+
|    66     |  2027     |    19     |     4     |    43     |    47      |
+-----------+-----------+-----------+-----------+-----------+-----------+
|    66     |  2079     |    62     |     2     |     2     |     4      |
+-----------+-----------+-----------+-----------+-----------+-----------+
|    67     |    55     |    47     |     2     |    18     |    20      |
+-----------+-----------+-----------+-----------+-----------+-----------+
|    68     |  2045     |    30     |     6     |    32     |    38      |
+-----------+-----------+-----------+-----------+-----------+-----------+
|    68     |  2074     |    59     |     1     |     8     |     9      |
+-----------+-----------+-----------+-----------+-----------+-----------+
|    69     |  2032     |    25     |     5     |    39     |    44      |
+-----------+-----------+-----------+-----------+-----------+-----------+
|    70     |    67     |    57     |     4     |     9     |    13      |
+-----------+-----------+-----------+-----------+-----------+-----------+
|    70     |    81     |    65     |     0     |     5     |     5      |
+-----------+-----------+-----------+-----------+-----------+-----------+
|    71     |  2034     |    25     |     6     |    40     |    46      |
+-----------+-----------+-----------+-----------+-----------+-----------+
|    71     |  2087     |    68     |     0     |     3     |     3      |
+-----------+-----------+-----------+-----------+-----------+-----------+
|    71     |    59     |    52     |     3     |    16     |    19      |
+-----------+-----------+-----------+-----------+-----------+-----------+
|    72     |  2035     |    26     |     5     |    41     |    46      |
+-----------+-----------+-----------+-----------+-----------+-----------+
|    73     |  2036     |    26     |     5     |    42     |    47      |
+-----------+-----------+-----------+-----------+-----------+-----------+
|    73     |  2048     |    32     |     7     |    34     |    41      |
+-----------+-----------+-----------+-----------+-----------+-----------+
|    73     |  2085     |    67     |     0     |     6     |     6      |
+-----------+-----------+-----------+-----------+-----------+-----------+
|    73     |    68     |    58     |     4     |    11     |    15      |
+-----------+-----------+-----------+-----------+-----------+-----------+
|    73     |    70     |    59     |     3     |    11     |    14      |
+-----------+-----------+-----------+-----------+-----------+-----------+
|    74     |  2090     |    70     |     0     |     4     |     4      |
+-----------+-----------+-----------+-----------+-----------+-----------+
|    76     |  2091     |    71     |     0     |     5     |     5      |
+-----------+-----------+-----------+-----------+-----------+-----------+
|    76     |    82     |    67     |     2     |     7     |     9      |
+-----------+-----------+-----------+-----------+-----------+-----------+
|    76     |    76     |    61     |     3     |    12     |    15      |
+-----------+-----------+-----------+-----------+-----------+-----------+
|    77     |  2042     |    28     |     6     |    43     |    49      |
+-----------+-----------+-----------+-----------+-----------+-----------+
|    78     |  2056     |    42     |     8     |    28     |    36      |
+-----------+-----------+-----------+-----------+-----------+-----------+
|    79     |  2044     |    30     |     6     |    43     |    49      |
+-----------+-----------+-----------+-----------+-----------+-----------+
|    79     |    86     |    71     |     2     |     6     |     8      |
+-----------+-----------+-----------+-----------+-----------+-----------+
|    81     |  2047     |    31     |     7     |    43     |    50      |
+-----------+-----------+-----------+-----------+-----------+-----------+
|    82     |  2039     |    27     |     5     |    50     |    55      |
+-----------+-----------+-----------+-----------+-----------+-----------+
|    83     |  2030     |    23     |     5     |    55     |    60      |
+-----------+-----------+-----------+-----------+-----------+-----------+
|    83     |    90     |    74     |     2     |     7     |     9      |
+-----------+-----------+-----------+-----------+-----------+-----------+
|    84     |  2055     |    42     |     8     |    34     |    42      |
+-----------+-----------+-----------+-----------+-----------+-----------+
|    84     |  2066     |    51     |     8     |    25     |    33      |
+-----------+-----------+-----------+-----------+-----------+-----------+
|    84     |  2057     |    43     |     8     |    33     |    41      |
+-----------+-----------+-----------+-----------+-----------+-----------+
|    85     |  2052     |    38     |     7     |    40     |    47      |
+-----------+-----------+-----------+-----------+-----------+-----------+
|    85     |  2046     |    31     |     7     |    47     |    54      |
+-----------+-----------+-----------+-----------+-----------+-----------+
|    86     |  2060     |    46     |     9     |    31     |    40      |
+-----------+-----------+-----------+-----------+-----------+-----------+
|    87     |  2037     |    27     |     5     |    55     |    60      |
+-----------+-----------+-----------+-----------+-----------+-----------+
|    87     |  2049     |    33     |     7     |    47     |    54      |
+-----------+-----------+-----------+-----------+-----------+-----------+
|    87     |  2040     |    27     |     6     |    54     |    60      |
+-----------+-----------+-----------+-----------+-----------+-----------+
|    89     |  2076     |    59     |     8     |    22     |    30      |
+-----------+-----------+-----------+-----------+-----------+-----------+
|    89     |  2077     |    60     |     7     |    22     |    29      |
+-----------+-----------+-----------+-----------+-----------+-----------+
|    90     |  2078     |    61     |     7     |    22     |    29      |
+-----------+-----------+-----------+-----------+-----------+-----------+
|    90     |   100     |    85     |     0     |     5     |     5      |
+-----------+-----------+-----------+-----------+-----------+-----------+
|    91     |  2051     |    37     |     6     |    48     |    54      |
+-----------+-----------+-----------+-----------+-----------+-----------+
|    93     |  2053     |    39     |     7     |    47     |    54      |
+-----------+-----------+-----------+-----------+-----------+-----------+
|    93     |  2072     |    56     |     8     |    29     |    37      |
+-----------+-----------+-----------+-----------+-----------+-----------+
|    93     |  2082     |    65     |    10     |    18     |    28      |
+-----------+-----------+-----------+-----------+-----------+-----------+
|    93     |  2109     |    90     |     0     |     3     |     3      |
+-----------+-----------+-----------+-----------+-----------+-----------+
|    93     |   103     |    91     |     0     |     2     |     2      |
+-----------+-----------+-----------+-----------+-----------+-----------+
|    93     |   104     |    92     |     0     |     1     |     1      |
+-----------+-----------+-----------+-----------+-----------+-----------+
|    94     |  2084     |    66     |    10     |    18     |    28      |
+-----------+-----------+-----------+-----------+-----------+-----------+
|    94     |  2113     |    92     |     0     |     2     |     2      |
+-----------+-----------+-----------+-----------+-----------+-----------+
|    95     |  2086     |    68     |    11     |    16     |    27      |
+-----------+-----------+-----------+-----------+-----------+-----------+
|    95     |  2111     |    91     |     0     |     4     |     4      |
+-----------+-----------+-----------+-----------+-----------+-----------+
|    96     |  2059     |    45     |     8     |    43     |    51      |
+-----------+-----------+-----------+-----------+-----------+-----------+
|    98     |  2081     |    63     |     8     |    27     |    35      |
+-----------+-----------+-----------+-----------+-----------+-----------+
|    98     |  2070     |    55     |     8     |    35     |    43      |
+-----------+-----------+-----------+-----------+-----------+-----------+
|    98     |  2092     |    73     |     8     |    17     |    25      |
+-----------+-----------+-----------+-----------+-----------+-----------+
|    98     |   106     |    93     |     0     |     5     |     5      |
+-----------+-----------+-----------+-----------+-----------+-----------+
|    99     |  2065     |    48     |     9     |    42     |    51      |
+-----------+-----------+-----------+-----------+-----------+-----------+
|   100     |  2073     |    59     |     7     |    34     |    41      |
+-----------+-----------+-----------+-----------+-----------+-----------+
|   100     |   108     |    94     |     0     |     6     |     6      |
+-----------+-----------+-----------+-----------+-----------+-----------+
|   101     |  2075     |    59     |     7     |    35     |    42      |
+-----------+-----------+-----------+-----------+-----------+-----------+
|   102     |   102     |    89     |     2     |    11     |    13      |
+-----------+-----------+-----------+-----------+-----------+-----------+
|   103     |  2100     |    81     |     4     |    18     |    22      |
+-----------+-----------+-----------+-----------+-----------+-----------+
|   103     |  2067     |    54     |     8     |    41     |    49      |
+-----------+-----------+-----------+-----------+-----------+-----------+
|   103     |  2068     |    54     |     8     |    41     |    49      |
+-----------+-----------+-----------+-----------+-----------+-----------+
|   103     |    98     |    84     |     8     |    11     |    19      |
+-----------+-----------+-----------+-----------+-----------+-----------+
|   103     |    47     |    41     |     2     |    60     |    62      |
+-----------+-----------+-----------+-----------+-----------+-----------+
|   103     |    97     |    84     |     0     |    19     |    19      |
+-----------+-----------+-----------+-----------+-----------+-----------+
|   103     |   117     |   103     |     0     |     0     |     0      |
+-----------+-----------+-----------+-----------+-----------+-----------+
|   104     |  2080     |    63     |     8     |    33     |    41      |
+-----------+-----------+-----------+-----------+-----------+-----------+
|   104     |  2128     |   101     |     0     |     3     |     3      |
+-----------+-----------+-----------+-----------+-----------+-----------+
|   104     |  2125     |   101     |     0     |     3     |     3      |
+-----------+-----------+-----------+-----------+-----------+-----------+
|   105     |  2083     |    66     |    10     |    29     |    39      |
+-----------+-----------+-----------+-----------+-----------+-----------+
|   105     |  2129     |   102     |     0     |     3     |     3      |
+-----------+-----------+-----------+-----------+-----------+-----------+
|   106     |  2097     |    80     |     4     |    22     |    26      |
+-----------+-----------+-----------+-----------+-----------+-----------+
|   106     |  2098     |    80     |     4     |    22     |    26      |
+-----------+-----------+-----------+-----------+-----------+-----------+
|   106     |   116     |   103     |     0     |     3     |     3      |
+-----------+-----------+-----------+-----------+-----------+-----------+
|   107     |  2088     |    69     |    11     |    27     |    38      |
+-----------+-----------+-----------+-----------+-----------+-----------+
|   107     |  2089     |    69     |    11     |    27     |    38      |
+-----------+-----------+-----------+-----------+-----------+-----------+
|   107     |  2101     |    81     |     4     |    22     |    26      |
+-----------+-----------+-----------+-----------+-----------+-----------+
|   108     |  2102     |    82     |     4     |    22     |    26      |
+-----------+-----------+-----------+-----------+-----------+-----------+
|   108     |   112     |    97     |     1     |    10     |    11      |
+-----------+-----------+-----------+-----------+-----------+-----------+
|   108     |   119     |   104     |     0     |     4     |     4      |
+-----------+-----------+-----------+-----------+-----------+-----------+
|   109     |  2093     |    74     |     8     |    27     |    35      |
+-----------+-----------+-----------+-----------+-----------+-----------+
|   109     |  2094     |    77     |     6     |    26     |    32      |
+-----------+-----------+-----------+-----------+-----------+-----------+
|   110     |  2095     |    77     |     6     |    27     |    33      |
+-----------+-----------+-----------+-----------+-----------+-----------+
|   110     |  2096     |    78     |     5     |    27     |    32      |
+-----------+-----------+-----------+-----------+-----------+-----------+
|   111     |  2099     |    80     |     4     |    27     |    31      |
+-----------+-----------+-----------+-----------+-----------+-----------+
|   112     |  2105     |    86     |     6     |    20     |    26      |
+-----------+-----------+-----------+-----------+-----------+-----------+
|   112     |  2116     |    93     |     5     |    14     |    19      |
+-----------+-----------+-----------+-----------+-----------+-----------+
|   113     |  2107     |    87     |     6     |    20     |    26      |
+-----------+-----------+-----------+-----------+-----------+-----------+
|   113     |  2108     |    88     |     6     |    19     |    25      |
+-----------+-----------+-----------+-----------+-----------+-----------+
|   113     |  2137     |   112     |     0     |     1     |     1      |
+-----------+-----------+-----------+-----------+-----------+-----------+
|   114     |  2104     |    84     |     4     |    26     |    30      |
+-----------+-----------+-----------+-----------+-----------+-----------+
|   114     |  2134     |   109     |     0     |     5     |     5      |
+-----------+-----------+-----------+-----------+-----------+-----------+
|   114     |   111     |    97     |     4     |    13     |    17      |
+-----------+-----------+-----------+-----------+-----------+-----------+
|   115     |  2118     |    96     |     6     |    13     |    19      |
+-----------+-----------+-----------+-----------+-----------+-----------+
|   115     |  2112     |    91     |     5     |    19     |    24      |
+-----------+-----------+-----------+-----------+-----------+-----------+
|   115     |  2114     |    92     |     5     |    18     |    23      |
+-----------+-----------+-----------+-----------+-----------+-----------+
|   115     |   125     |   112     |     0     |     3     |     3      |
+-----------+-----------+-----------+-----------+-----------+-----------+
|   116     |  2115     |    93     |     5     |    18     |    23      |
+-----------+-----------+-----------+-----------+-----------+-----------+
|   116     |  2141     |   114     |     0     |     2     |     2      |
+-----------+-----------+-----------+-----------+-----------+-----------+
|   116     |    96     |    81     |    23     |    12     |    35      |
+-----------+-----------+-----------+-----------+-----------+-----------+
|   116     |   126     |   112     |     1     |     3     |     4      |
+-----------+-----------+-----------+-----------+-----------+-----------+
|   117     |  2106     |    87     |     6     |    24     |    30      |
+-----------+-----------+-----------+-----------+-----------+-----------+
|   117     |  2103     |    83     |     4     |    30     |    34      |
+-----------+-----------+-----------+-----------+-----------+-----------+
|   117     |   124     |   111     |     1     |     5     |     6      |
+-----------+-----------+-----------+-----------+-----------+-----------+
|   117     |   129     |   114     |     0     |     3     |     3      |
+-----------+-----------+-----------+-----------+-----------+-----------+
|   118     |  2127     |   101     |     5     |    12     |    17      |
+-----------+-----------+-----------+-----------+-----------+-----------+
|   118     |   130     |   114     |     0     |     4     |     4      |
+-----------+-----------+-----------+-----------+-----------+-----------+
|   119     |  2117     |    96     |     5     |    18     |    23      |
+-----------+-----------+-----------+-----------+-----------+-----------+
|   119     |   132     |   115     |     0     |     4     |     4      |
+-----------+-----------+-----------+-----------+-----------+-----------+
|   120     |  2145     |   116     |     0     |     4     |     4      |
+-----------+-----------+-----------+-----------+-----------+-----------+
|   120     |  2147     |   117     |     0     |     3     |     3      |
+-----------+-----------+-----------+-----------+-----------+-----------+
|   120     |   134     |   118     |     0     |     2     |     2      |
+-----------+-----------+-----------+-----------+-----------+-----------+
|   121     |  2122     |    99     |     5     |    17     |    22      |
+-----------+-----------+-----------+-----------+-----------+-----------+
|   121     |  2123     |    99     |     6     |    16     |    22      |
+-----------+-----------+-----------+-----------+-----------+-----------+
|   121     |   133     |   117     |     0     |     4     |     4      |
+-----------+-----------+-----------+-----------+-----------+-----------+
|   124     |  2126     |   101     |     5     |    18     |    23      |
+-----------+-----------+-----------+-----------+-----------+-----------+
|   124     |   137     |   121     |     0     |     3     |     3      |
+-----------+-----------+-----------+-----------+-----------+-----------+
|   125     |  2150     |   121     |     0     |     4     |     4      |
+-----------+-----------+-----------+-----------+-----------+-----------+
|   125     |   139     |   122     |     0     |     3     |     3      |
+-----------+-----------+-----------+-----------+-----------+-----------+
|   126     |  2119     |    96     |     6     |    24     |    30      |
+-----------+-----------+-----------+-----------+-----------+-----------+
|   126     |  2110     |    90     |     6     |    30     |    36      |
+-----------+-----------+-----------+-----------+-----------+-----------+
|   126     |  2143     |   114     |     1     |    11     |    12      |
+-----------+-----------+-----------+-----------+-----------+-----------+
|   126     |  2120     |    98     |     5     |    23     |    28      |
+-----------+-----------+-----------+-----------+-----------+-----------+
|   126     |  2151     |   121     |     0     |     5     |     5      |
+-----------+-----------+-----------+-----------+-----------+-----------+
|   126     |   140     |   123     |     0     |     3     |     3      |
+-----------+-----------+-----------+-----------+-----------+-----------+
|   127     |  2130     |   104     |     4     |    19     |    23      |
+-----------+-----------+-----------+-----------+-----------+-----------+
|   127     |  2140     |   114     |     1     |    12     |    13      |
+-----------+-----------+-----------+-----------+-----------+-----------+
|   128     |  2124     |   100     |     5     |    23     |    28      |
+-----------+-----------+-----------+-----------+-----------+-----------+
|   129     |  2138     |   112     |     3     |    14     |    17      |
+-----------+-----------+-----------+-----------+-----------+-----------+
|   129     |  2133     |   108     |     4     |    17     |    21      |
+-----------+-----------+-----------+-----------+-----------+-----------+
|   129     |  2121     |    99     |     5     |    25     |    30      |
+-----------+-----------+-----------+-----------+-----------+-----------+
|   129     |  2139     |   113     |     3     |    13     |    16      |
+-----------+-----------+-----------+-----------+-----------+-----------+
|   130     |  2135     |   109     |     4     |    17     |    21      |
+-----------+-----------+-----------+-----------+-----------+-----------+
|   130     |  2131     |   107     |     3     |    20     |    23      |
+-----------+-----------+-----------+-----------+-----------+-----------+
|   130     |   145     |   127     |     0     |     3     |     3      |
+-----------+-----------+-----------+-----------+-----------+-----------+
|   131     |  2136     |   111     |     3     |    17     |    20      |
+-----------+-----------+-----------+-----------+-----------+-----------+
|   131     |  2132     |   107     |     4     |    20     |    24      |
+-----------+-----------+-----------+-----------+-----------+-----------+
|   131     |  2161     |   130     |     0     |     1     |     1      |
+-----------+-----------+-----------+-----------+-----------+-----------+
|   131     |   146     |   128     |     0     |     3     |     3      |
+-----------+-----------+-----------+-----------+-----------+-----------+
|   132     |  2146     |   117     |     5     |    10     |    15      |
+-----------+-----------+-----------+-----------+-----------+-----------+
|   134     |  2144     |   115     |     5     |    14     |    19      |
+-----------+-----------+-----------+-----------+-----------+-----------+
|   135     |   149     |   131     |     0     |     4     |     4      |
+-----------+-----------+-----------+-----------+-----------+-----------+
|   138     |  2170     |   137     |     0     |     1     |     1      |
+-----------+-----------+-----------+-----------+-----------+-----------+
|   139     |   152     |   134     |     0     |     5     |     5      |
+-----------+-----------+-----------+-----------+-----------+-----------+
|   139     |   153     |   135     |     0     |     4     |     4      |
+-----------+-----------+-----------+-----------+-----------+-----------+
|   140     |  2154     |   123     |     4     |    13     |    17      |
+-----------+-----------+-----------+-----------+-----------+-----------+
|   140     |   157     |   137     |     0     |     3     |     3      |
+-----------+-----------+-----------+-----------+-----------+-----------+
|   141     |  2155     |   124     |     4     |    13     |    17      |
+-----------+-----------+-----------+-----------+-----------+-----------+
|   141     |  2173     |   139     |     0     |     2     |     2      |
+-----------+-----------+-----------+-----------+-----------+-----------+
|   141     |  2174     |   139     |     0     |     2     |     2      |
+-----------+-----------+-----------+-----------+-----------+-----------+
|   142     |  2149     |   120     |     6     |    16     |    22      |
+-----------+-----------+-----------+-----------+-----------+-----------+
|   142     |  2176     |   140     |     0     |     2     |     2      |
+-----------+-----------+-----------+-----------+-----------+-----------+
|   142     |   158     |   138     |     0     |     4     |     4      |
+-----------+-----------+-----------+-----------+-----------+-----------+
|   143     |  2157     |   127     |     2     |    14     |    16      |
+-----------+-----------+-----------+-----------+-----------+-----------+
|   143     |  2158     |   127     |     2     |    14     |    16      |
+-----------+-----------+-----------+-----------+-----------+-----------+
|   143     |  2178     |   142     |     0     |     1     |     1      |
+-----------+-----------+-----------+-----------+-----------+-----------+
|   143     |  2171     |   138     |     0     |     5     |     5      |
+-----------+-----------+-----------+-----------+-----------+-----------+
|   144     |  2153     |   122     |     5     |    17     |    22      |
+-----------+-----------+-----------+-----------+-----------+-----------+
|   145     |  2142     |   114     |     3     |    28     |    31      |
+-----------+-----------+-----------+-----------+-----------+-----------+
|   146     |  2148     |   120     |     5     |    21     |    26      |
+-----------+-----------+-----------+-----------+-----------+-----------+
|   146     |  2160     |   129     |     2     |    15     |    17      |
+-----------+-----------+-----------+-----------+-----------+-----------+
|   147     |  2152     |   121     |     5     |    21     |    26      |
+-----------+-----------+-----------+-----------+-----------+-----------+
|   147     |  2180     |   144     |     0     |     3     |     3      |
+-----------+-----------+-----------+-----------+-----------+-----------+
|   147     |   159     |   140     |     0     |     7     |     7      |
+-----------+-----------+-----------+-----------+-----------+-----------+
|   148     |  2156     |   125     |     3     |    20     |    23      |
+-----------+-----------+-----------+-----------+-----------+-----------+
|   148     |  2167     |   134     |     3     |    11     |    14      |
+-----------+-----------+-----------+-----------+-----------+-----------+
|   149     |  2183     |   147     |     0     |     2     |     2      |
+-----------+-----------+-----------+-----------+-----------+-----------+
|   151     |  2159     |   128     |     2     |    21     |    23      |
+-----------+-----------+-----------+-----------+-----------+-----------+
|   152     |  2162     |   131     |     3     |    18     |    21      |
+-----------+-----------+-----------+-----------+-----------+-----------+
|   152     |   170     |   151     |     0     |     1     |     1      |
+-----------+-----------+-----------+-----------+-----------+-----------+
|   152     |   167     |   147     |     0     |     5     |     5      |
+-----------+-----------+-----------+-----------+-----------+-----------+
|   154     |  2165     |   133     |     3     |    18     |    21      |
+-----------+-----------+-----------+-----------+-----------+-----------+
|   154     |  2177     |   141     |     3     |    10     |    13      |
+-----------+-----------+-----------+-----------+-----------+-----------+
|   154     |  2166     |   134     |     3     |    17     |    20      |
+-----------+-----------+-----------+-----------+-----------+-----------+
|   154     |  2190     |   152     |     0     |     2     |     2      |
+-----------+-----------+-----------+-----------+-----------+-----------+
|   155     |  2164     |   132     |     3     |    20     |    23      |
+-----------+-----------+-----------+-----------+-----------+-----------+
|   156     |  2168     |   136     |     4     |    16     |    20      |
+-----------+-----------+-----------+-----------+-----------+-----------+
|   156     |  2181     |   144     |     3     |     9     |    12      |
+-----------+-----------+-----------+-----------+-----------+-----------+
|   156     |  2169     |   136     |     4     |    16     |    20      |
+-----------+-----------+-----------+-----------+-----------+-----------+
|   156     |   172     |   153     |     0     |     3     |     3      |
+-----------+-----------+-----------+-----------+-----------+-----------+
|   158     |  2175     |   139     |     3     |    16     |    19      |
+-----------+-----------+-----------+-----------+-----------+-----------+
|   158     |  2196     |   155     |     0     |     3     |     3      |
+-----------+-----------+-----------+-----------+-----------+-----------+
|   158     |   151     |   132     |    23     |     3     |    26      |
+-----------+-----------+-----------+-----------+-----------+-----------+
|   159     |  2163     |   132     |     3     |    24     |    27      |
+-----------+-----------+-----------+-----------+-----------+-----------+
|   159     |   142     |   126     |     0     |    33     |    33      |
+-----------+-----------+-----------+-----------+-----------+-----------+
|   160     |  2199     |   156     |     0     |     4     |     4      |
+-----------+-----------+-----------+-----------+-----------+-----------+
|   161     |  2172     |   138     |     3     |    20     |    23      |
+-----------+-----------+-----------+-----------+-----------+-----------+
|   162     |  2182     |   147     |     2     |    13     |    15      |
+-----------+-----------+-----------+-----------+-----------+-----------+
|   162     |  2201     |   157     |     1     |     4     |     5      |
+-----------+-----------+-----------+-----------+-----------+-----------+
|   163     |  2187     |   151     |     3     |     9     |    12      |
+-----------+-----------+-----------+-----------+-----------+-----------+
|   163     |  2203     |   158     |     1     |     4     |     5      |
+-----------+-----------+-----------+-----------+-----------+-----------+
|   163     |   179     |   160     |     0     |     3     |     3      |
+-----------+-----------+-----------+-----------+-----------+-----------+
|   163     |   181     |   160     |     0     |     3     |     3      |
+-----------+-----------+-----------+-----------+-----------+-----------+
|   164     |   184     |   162     |     0     |     2     |     2      |
+-----------+-----------+-----------+-----------+-----------+-----------+
|   164     |   182     |   162     |     0     |     2     |     2      |
+-----------+-----------+-----------+-----------+-----------+-----------+
|   166     |  2206     |   161     |     1     |     4     |     5      |
+-----------+-----------+-----------+-----------+-----------+-----------+
|   166     |  2186     |   151     |     3     |    12     |    15      |
+-----------+-----------+-----------+-----------+-----------+-----------+
|   166     |   186     |   165     |     0     |     1     |     1      |
+-----------+-----------+-----------+-----------+-----------+-----------+
|   167     |  2188     |   152     |     2     |    13     |    15      |
+-----------+-----------+-----------+-----------+-----------+-----------+
|   167     |   185     |   165     |     0     |     2     |     2      |
+-----------+-----------+-----------+-----------+-----------+-----------+
|   168     |  2205     |   160     |     0     |     8     |     8      |
+-----------+-----------+-----------+-----------+-----------+-----------+
|   168     |  2209     |   163     |     1     |     4     |     5      |
+-----------+-----------+-----------+-----------+-----------+-----------+
|   168     |  2208     |   163     |     0     |     5     |     5      |
+-----------+-----------+-----------+-----------+-----------+-----------+
|   169     |  2191     |   152     |     3     |    14     |    17      |
+-----------+-----------+-----------+-----------+-----------+-----------+
|   169     |  2210     |   164     |     0     |     5     |     5      |
+-----------+-----------+-----------+-----------+-----------+-----------+
|   169     |  2198     |   156     |     0     |    13     |    13      |
+-----------+-----------+-----------+-----------+-----------+-----------+
|   170     |  2184     |   149     |     4     |    17     |    21      |
+-----------+-----------+-----------+-----------+-----------+-----------+
|   170     |  2211     |   164     |     1     |     5     |     6      |
+-----------+-----------+-----------+-----------+-----------+-----------+
|   170     |  2185     |   150     |     3     |    17     |    20      |
+-----------+-----------+-----------+-----------+-----------+-----------+
|   170     |   188     |   167     |     0     |     3     |     3      |
+-----------+-----------+-----------+-----------+-----------+-----------+
|   171     |  2179     |   144     |     3     |    24     |    27      |
+-----------+-----------+-----------+-----------+-----------+-----------+
|   171     |  2204     |   158     |     0     |    13     |    13      |
+-----------+-----------+-----------+-----------+-----------+-----------+
|   171     |   190     |   168     |     0     |     3     |     3      |
+-----------+-----------+-----------+-----------+-----------+-----------+
|   172     |  2217     |   167     |     1     |     4     |     5      |
+-----------+-----------+-----------+-----------+-----------+-----------+
|   174     |  2193     |   153     |     2     |    19     |    21      |
+-----------+-----------+-----------+-----------+-----------+-----------+
|   175     |  2200     |   157     |     3     |    15     |    18      |
+-----------+-----------+-----------+-----------+-----------+-----------+
|   176     |  2189     |   152     |     2     |    22     |    24      |
+-----------+-----------+-----------+-----------+-----------+-----------+
|   177     |  2195     |   155     |     3     |    19     |    22      |
+-----------+-----------+-----------+-----------+-----------+-----------+
|   177     |  2192     |   153     |     2     |    22     |    24      |
+-----------+-----------+-----------+-----------+-----------+-----------+
|   177     |  2197     |   156     |     3     |    18     |    21      |
+-----------+-----------+-----------+-----------+-----------+-----------+
|   177     |  2194     |   154     |     2     |    21     |    23      |
+-----------+-----------+-----------+-----------+-----------+-----------+
|   178     |  2207     |   162     |     2     |    14     |    16      |
+-----------+-----------+-----------+-----------+-----------+-----------+
|   179     |  2214     |   165     |     3     |    11     |    14      |
+-----------+-----------+-----------+-----------+-----------+-----------+
|   179     |   189     |   168     |     0     |    11     |    11      |
+-----------+-----------+-----------+-----------+-----------+-----------+
|   180     |  2202     |   158     |     3     |    19     |    22      |
+-----------+-----------+-----------+-----------+-----------+-----------+
|   181     |  2229     |   179     |     0     |     2     |     2      |
+-----------+-----------+-----------+-----------+-----------+-----------+
|   181     |  2213     |   165     |     3     |    13     |    16      |
+-----------+-----------+-----------+-----------+-----------+-----------+
|   182     |   199     |   179     |     0     |     3     |     3      |
+-----------+-----------+-----------+-----------+-----------+-----------+
|   183     |  2215     |   166     |     4     |    13     |    17      |
+-----------+-----------+-----------+-----------+-----------+-----------+
|   185     |  2218     |   167     |     5     |    13     |    18      |
+-----------+-----------+-----------+-----------+-----------+-----------+
|   185     |  2233     |   181     |     0     |     4     |     4      |
+-----------+-----------+-----------+-----------+-----------+-----------+
|   185     |   201     |   180     |     0     |     5     |     5      |
+-----------+-----------+-----------+-----------+-----------+-----------+
|   186     |  2212     |   165     |     3     |    18     |    21      |
+-----------+-----------+-----------+-----------+-----------+-----------+
|   186     |  2219     |   169     |     4     |    13     |    17      |
+-----------+-----------+-----------+-----------+-----------+-----------+
