+-----------+-----------+-----------+-----------+-----------+-----------+
|    Td     |    ID     |    Tj     |    Df     |    Dd     |    Db      |
+-----------+-----------+-----------+-----------+-----------+-----------+
|     3     |     3     |     2     |     0     |     1     |     1      |
+-----------+-----------+-----------+-----------+-----------+-----------+
|     3     |     2     |     2     |     0     |     1     |     1      |
+-----------+-----------+-----------+-----------+-----------+-----------+
|     4     |     5     |     3     |     0     |     1     |     1      |
+-----------+-----------+-----------+-----------+-----------+-----------+
|     5     |     7     |     4     |     0     |     1     |     1      |
+-----------+-----------+-----------+-----------+-----------+-----------+
|     5     |     8     |     5     |     0     |     0     |     0      |
+-----------+-----------+-----------+-----------+-----------+-----------+
|     6     |    10     |     6     |     0     |     0     |     0      |
+-----------+-----------+-----------+-----------+-----------+-----------+
|     6     |     4     |     3     |     1     |     2     |     3      |
+-----------+-----------+-----------+-----------+-----------+-----------+
|     7     |    11     |     6     |     0     |     1     |     1      |
+-----------+-----------+-----------+-----------+-----------+-----------+
|     8     |    13     |     8     |     0     |     0     |     0      |
+-----------+-----------+-----------+-----------+-----------+-----------+
|     8     |     6     |     4     |     1     |     3     |     4      |
+-----------+-----------+-----------+-----------+-----------+-----------+
|     8     |     0     |     1     |     3     |     4     |     7      |
+-----------+-----------+-----------+-----------+-----------+-----------+
|     9     |    14     |     8     |     0     |     1     |     1      |
+-----------+-----------+-----------+-----------+-----------+-----------+
|     9     |    17     |     9     |     0     |     0     |     0      |
+-----------+-----------+-----------+-----------+-----------+-----------+
|    10     |    15     |     9     |     0     |     1     |     1      |
+-----------+-----------+-----------+-----------+-----------+-----------+
|    11     |    21     |    11     |     0     |     0     |     0      |
+-----------+-----------+-----------+-----------+-----------+-----------+
|    11     |    18     |    10     |     0     |     1     |     1      |
+-----------+-----------+-----------+-----------+-----------+-----------+
|    12     |  2004     |     3     |     0     |     9     |     9      |
+-----------+-----------+-----------+-----------+-----------+-----------+
|    12     |  2002     |     2     |     0     |    10     |    10      |
+-----------+-----------+-----------+-----------+-----------+-----------+
|    12     |    19     |    11     |     0     |     1     |     1      |
+-----------+-----------+-----------+-----------+-----------+-----------+
|    12     |    20     |    11     |     0     |     1     |     1      |
+-----------+-----------+-----------+-----------+-----------+-----------+
|    12     |    23     |    12     |     0     |     0     |     0      |
+-----------+-----------+-----------+-----------+-----------+-----------+
|    12     |    22     |    12     |     0     |     0     |     0      |
+-----------+-----------+-----------+-----------+-----------+-----------+
|    13     |    25     |    13     |     0     |     0     |     0      |
+-----------+-----------+-----------+-----------+-----------+-----------+
|    14     |    24     |    13     |     0     |     1     |     1      |
+-----------+-----------+-----------+-----------+-----------+-----------+
|    14     |    26     |    14     |     0     |     0     |     0      |
+-----------+-----------+-----------+-----------+-----------+-----------+
|    15     |  2000     |     1     |     0     |    14     |    14      |
+-----------+-----------+-----------+-----------+-----------+-----------+
|    15     |  2003     |     3     |     0     |    12     |    12      |
+-----------+-----------+-----------+-----------+-----------+-----------+
|    15     |     9     |     6     |     0     |     9     |     9      |
+-----------+-----------+-----------+-----------+-----------+-----------+
|    15     |    16     |     9     |     0     |     6     |     6      |
+-----------+-----------+-----------+-----------+-----------+-----------+
|    15     |    30     |    15     |     0     |     0     |     0      |
+-----------+-----------+-----------+-----------+-----------+-----------+
|    15     |    27     |    14     |     0     |     1     |     1      |
+-----------+-----------+-----------+-----------+-----------+-----------+
|    16     |    31     |    15     |     0     |     1     |     1      |
+-----------+-----------+-----------+-----------+-----------+-----------+
|    16     |    32     |    16     |     0     |     0     |     0      |
+-----------+-----------+-----------+-----------+-----------+-----------+
|    16     |    28     |    14     |     1     |     1     |     2      |
+-----------+-----------+-----------+-----------+-----------+-----------+
|    16     |    33     |    16     |     0     |     0     |     0      |
+-----------+-----------+-----------+-----------+-----------+-----------+
|    16     |    29     |    15     |     0     |     1     |     1      |
+-----------+-----------+-----------+-----------+-----------+-----------+
|    18     |    34     |    17     |     0     |     1     |     1      |
+-----------+-----------+-----------+-----------+-----------+-----------+
|    19     |    35     |    18     |     0     |     1     |     1      |
+-----------+-----------+-----------+-----------+-----------+-----------+
|    19     |    36     |    19     |     0     |     0     |     0      |
+-----------+-----------+-----------+-----------+-----------+-----------+
|    20     |  2009     |     7     |     2     |    11     |    13      |
+-----------+-----------+-----------+-----------+-----------+-----------+
|    20     |    37     |    19     |     0     |     1     |     1      |
+-----------+-----------+-----------+-----------+-----------+-----------+
|    20     |    39     |    19     |     0     |     1     |     1      |
+-----------+-----------+-----------+-----------+-----------+-----------+
|    20     |    40     |    19     |     0     |     1     |     1      |
+-----------+-----------+-----------+-----------+-----------+-----------+
|    20     |    42     |    20     |     0     |     0     |     0      |
+-----------+-----------+-----------+-----------+-----------+-----------+
|    22     |  2001     |     2     |     0     |    20     |    20      |
+-----------+-----------+-----------+-----------+-----------+-----------+
|    22     |  2013     |     9     |     5     |     8     |    13      |
+-----------+-----------+-----------+-----------+-----------+-----------+
|    22     |    41     |    20     |     1     |     1     |     2      |
+-----------+-----------+-----------+-----------+-----------+-----------+
|    22     |    44     |    22     |     0     |     0     |     0      |
+-----------+-----------+-----------+-----------+-----------+-----------+
|    22     |    43     |    21     |     0     |     1     |     1      |
+-----------+-----------+-----------+-----------+-----------+-----------+
|    22     |    45     |    22     |     0     |     0     |     0      |
+-----------+-----------+-----------+-----------+-----------+-----------+
|    24     |    49     |    24     |     0     |     0     |     0      |
+-----------+-----------+-----------+-----------+-----------+-----------+
|    24     |    47     |    23     |     0     |     1     |     1      |
+-----------+-----------+-----------+-----------+-----------+-----------+
|    25     |    48     |    24     |     0     |     1     |     1      |
+-----------+-----------+-----------+-----------+-----------+-----------+
|    25     |    52     |    25     |     0     |     0     |     0      |
+-----------+-----------+-----------+-----------+-----------+-----------+
|    25     |    51     |    24     |     0     |     1     |     1      |
+-----------+-----------+-----------+-----------+-----------+-----------+
|    27     |    53     |    26     |     0     |     1     |     1      |
+-----------+-----------+-----------+-----------+-----------+-----------+
|    27     |    54     |    26     |     1     |     0     |     1      |
+-----------+-----------+-----------+-----------+-----------+-----------+
|    28     |    55     |    27     |     0     |     1     |     1      |
+-----------+-----------+-----------+-----------+-----------+-----------+
|    28     |    56     |    27     |     0     |     1     |     1      |
+-----------+-----------+-----------+-----------+-----------+-----------+
|    28     |    58     |    28     |     0     |     0     |     0      |
+-----------+-----------+-----------+-----------+-----------+-----------+
|    29     |    57     |    28     |     0     |     1     |     1      |
+-----------+-----------+-----------+-----------+-----------+-----------+
|    30     |  2014     |     9     |     4     |    17     |    21      |
+-----------+-----------+-----------+-----------+-----------+-----------+
|    30     |  2017     |    11     |     4     |    15     |    19      |
+-----------+-----------+-----------+-----------+-----------+-----------+
|    30     |    59     |    29     |     0     |     1     |     1      |
+-----------+-----------+-----------+-----------+-----------+-----------+
|    30     |    61     |    30     |     0     |     0     |     0      |
+-----------+-----------+-----------+-----------+-----------+-----------+
|    30     |    62     |    30     |     0     |     0     |     0      |
+-----------+-----------+-----------+-----------+-----------+-----------+
|    31     |    63     |    31     |     0     |     0     |     0      |
+-----------+-----------+-----------+-----------+-----------+-----------+
|    31     |    64     |    31     |     0     |     0     |     0      |
+-----------+-----------+-----------+-----------+-----------+-----------+
|    33     |    65     |    32     |     0     |     1     |     1      |
+-----------+-----------+-----------+-----------+-----------+-----------+
|    34     |    66     |    33     |     0     |     1     |     1      |
+-----------+-----------+-----------+-----------+-----------+-----------+
|    34     |    67     |    34     |     0     |     0     |     0      |
+-----------+-----------+-----------+-----------+-----------+-----------+
|    35     |    68     |    34     |     0     |     1     |     1      |
+-----------+-----------+-----------+-----------+-----------+-----------+
|    35     |    50     |    24     |     0     |    11     |    11      |
+-----------+-----------+-----------+-----------+-----------+-----------+
|    35     |    69     |    35     |     0     |     0     |     0      |
+-----------+-----------+-----------+-----------+-----------+-----------+
|    36     |    70     |    35     |     0     |     1     |     1      |
+-----------+-----------+-----------+-----------+-----------+-----------+
|    36     |    71     |    36     |     0     |     0     |     0      |
+-----------+-----------+-----------+-----------+-----------+-----------+
|    37     |  2020     |    14     |     3     |    20     |    23      |
+-----------+-----------+-----------+-----------+-----------+-----------+
|    37     |  2008     |     6     |     1     |    30     |    31      |
+-----------+-----------+-----------+-----------+-----------+-----------+
|    37     |    73     |    36     |     0     |     1     |     1      |
+-----------+-----------+-----------+-----------+-----------+-----------+
|    37     |    77     |    37     |     0     |     0     |     0      |
+-----------+-----------+-----------+-----------+-----------+-----------+
|    37     |    74     |    36     |     0     |     1     |     1      |
+-----------+-----------+-----------+-----------+-----------+-----------+
|    37     |    72     |    36     |     0     |     1     |     1      |
+-----------+-----------+-----------+-----------+-----------+-----------+
|    38     |  2011     |     8     |     4     |    26     |    30      |
+-----------+-----------+-----------+-----------+-----------+-----------+
|    38     |    76     |    37     |     0     |     1     |     1      |
+-----------+-----------+-----------+-----------+-----------+-----------+
|    38     |    78     |    37     |     0     |     1     |     1      |
+-----------+-----------+-----------+-----------+-----------+-----------+
|    38     |    75     |    36     |     1     |     1     |     2      |
+-----------+-----------+-----------+-----------+-----------+-----------+
|    38     |    79     |    38     |     0     |     0     |     0      |
+-----------+-----------+-----------+-----------+-----------+-----------+
|    39     |    80     |    39     |     0     |     0     |     0      |
+-----------+-----------+-----------+-----------+-----------+-----------+
|    40     |  2007     |     5     |     1     |    34     |    35      |
+-----------+-----------+-----------+-----------+-----------+-----------+
|    40     |    82     |    40     |     0     |     0     |     0      |
+-----------+-----------+-----------+-----------+-----------+-----------+
|    40     |    81     |    40     |     0     |     0     |     0      |
+-----------+-----------+-----------+-----------+-----------+-----------+
|    41     |    83     |    41     |     0     |     0     |     0      |
+-----------+-----------+-----------+-----------+-----------+-----------+
|    41     |    60     |    29     |     0     |    12     |    12      |
+-----------+-----------+-----------+-----------+-----------+-----------+


====================== Final Earth Army ===================== 
0 ES   0 ET   0 EG  1 HU

0.00 %(Infected_ES) 100.00 %(Dead_ES) 
100.00 %(Dead_ET) 100.00 %(Dead_EG)
66.67 %(Dead_HU) 

100.00 %(Dead_EarthUnits)

average of Df = 0.12
average of Dd = 1.12
average of Db = 1.23

Df/Db % = 9.38
Dd/Db % = 90.62
====================== Final Alien Army ===================== 
37 AS   13 AM   10 AD

19.57 %(Dead_AS) 13.33 %(Dead_AM) 16.67 %(Dead_AD)

17.81 %(Dead_AlienUnits)

average of Df = 1.85
average of Dd = 17.38
average of Db = 19.23

Df/Db % = 9.60
Dd/Db % = 90.40
====================== Final Ally Army ===================== 
0 SU 

0.00 %(Dead_SU) 

0.00 %(Dead_AllyUnits)

average of Df = 0 %
average of Dd = 0 %
average of Db = 0 %

Df/Db % = 0
Dd/Db % = 0
